  2.000000000000000E-003  2.000000000000000E-003 -0.102750007408611     
  2.000000000000000E-003  0.302332916666667      -0.109119198418002     
  2.000000000000000E-003  0.602665833333333      -0.111729850899100     
  2.000000000000000E-003  0.902998750000000      -0.110723773070336     
  2.000000000000000E-003   1.20333166666667      -0.109953467627834     
  2.000000000000000E-003   1.50366458333333      -0.110172221200000     
  2.000000000000000E-003   1.80399750000000      -0.111362957031014     
  2.000000000000000E-003   2.10433041666667      -0.113482494275596     
  2.000000000000000E-003   2.40466333333333      -0.116577862070157     
  2.000000000000000E-003   2.70499625000000      -0.120118916934735     
  2.000000000000000E-003   3.00532916666667      -0.122715745715458     
  2.000000000000000E-003   3.30566208333333      -0.121968995765847     
  2.000000000000000E-003   3.60599500000000      -0.120161560017038     
  2.000000000000000E-003   3.90632791666667      -0.121962087501522     
  2.000000000000000E-003   4.20666083333333      -0.122703855568374     
  2.000000000000000E-003   4.50699375000000      -0.120105176093125     
  2.000000000000000E-003   4.80732666666667      -0.116563143386269     
  2.000000000000000E-003   5.10765958333333      -0.113465971862572     
  2.000000000000000E-003   5.40799250000000      -0.111343415906421     
  2.000000000000000E-003   5.70832541666667      -0.110150259271522     
  2.000000000000000E-003   6.00865833333333      -0.109931426885954     
  2.000000000000000E-003   6.30899125000000      -0.110705819065171     
  2.000000000000000E-003   6.60932416666667      -0.111716224997504     
  2.000000000000000E-003   6.90965708333333      -0.109080183600085     
  2.000000000000000E-003   7.20999000000000      -0.102666126280135     
  0.302332916666667       2.000000000000000E-003 -0.109117985848290     
  0.302332916666667       0.302332916666667      -0.109348847495170     
  0.302332916666667       0.602665833333333      -0.112451986276551     
  0.302332916666667       0.902998750000000      -0.114083686796113     
  0.302332916666667        1.20333166666667      -0.114899762741493     
  0.302332916666667        1.50366458333333      -0.116003011267691     
  0.302332916666667        1.80399750000000      -0.117707091015830     
  0.302332916666667        2.10433041666667      -0.120059395909827     
  0.302332916666667        2.40466333333333      -0.122899085380411     
  0.302332916666667        2.70499625000000      -0.125566425493163     
  0.302332916666667        3.00532916666667      -0.126674303686810     
  0.302332916666667        3.30566208333333      -0.124670833224668     
  0.302332916666667        3.60599500000000      -0.122335284442597     
  0.302332916666667        3.90632791666667      -0.124616122091454     
  0.302332916666667        4.20666083333333      -0.126618236218113     
  0.302332916666667        4.50699375000000      -0.125526281994961     
  0.302332916666667        4.80732666666667      -0.122873386481698     
  0.302332916666667        5.10765958333333      -0.120041515719137     
  0.302332916666667        5.40799250000000      -0.117690868166570     
  0.302332916666667        5.70832541666667      -0.115985206157261     
  0.302332916666667        6.00865833333333      -0.114878129033998     
  0.302332916666667        6.30899125000000      -0.114056007423358     
  0.302332916666667        6.60932416666667      -0.112412569140036     
  0.302332916666667        6.90965708333333      -0.109290883749068     
  0.302332916666667        7.20999000000000      -0.109079880338220     
  0.602665833333333       2.000000000000000E-003 -0.111728197899272     
  0.602665833333333       0.302332916666667      -0.112451017100781     
  0.602665833333333       0.602665833333333      -0.113688234996795     
  0.602665833333333       0.902998750000000      -0.116559865920657     
  0.602665833333333        1.20333166666667      -0.119183928541124     
  0.602665833333333        1.50366458333333      -0.121595975829796     
  0.602665833333333        1.80399750000000      -0.124095846708434     
  0.602665833333333        2.10433041666667      -0.126784869839199     
  0.602665833333333        2.40466333333333      -0.129390756012971     
  0.602665833333333        2.70499625000000      -0.131225007913757     
  0.602665833333333        3.00532916666667      -0.131331594409328     
  0.602665833333333        3.30566208333333      -0.129294312188919     
  0.602665833333333        3.60599500000000      -0.127687304261636     
  0.602665833333333        3.90632791666667      -0.129244060493455     
  0.602665833333333        4.20666083333333      -0.131271880929596     
  0.602665833333333        4.50699375000000      -0.131180251493492     
  0.602665833333333        4.80732666666667      -0.129364308257136     
  0.602665833333333        5.10765958333333      -0.126769489223068     
  0.602665833333333        5.40799250000000      -0.124084916288326     
  0.602665833333333        5.70832541666667      -0.121583710393704     
  0.602665833333333        6.00865833333333      -0.119164599253754     
  0.602665833333333        6.30899125000000      -0.116528284519698     
  0.602665833333333        6.60932416666667      -0.113644455860986     
  0.602665833333333        6.90965708333333      -0.112413945168084     
  0.602665833333333        7.20999000000000      -0.111715624591085     
  0.902998750000000       2.000000000000000E-003 -0.110722892521794     
  0.902998750000000       0.302332916666667      -0.114083105177645     
  0.902998750000000       0.602665833333333      -0.116559734114153     
  0.902998750000000       0.902998750000000      -0.119999828822295     
  0.902998750000000        1.20333166666667      -0.123719926674720     
  0.902998750000000        1.50366458333333      -0.127269400095661     
  0.902998750000000        1.80399750000000      -0.130638234541193     
  0.902998750000000        2.10433041666667      -0.133856758300344     
  0.902998750000000        2.40466333333333      -0.136636297790382     
  0.902998750000000        2.70499625000000      -0.138511068701139     
  0.902998750000000        3.00532916666667      -0.138972336467090     
  0.902998750000000        3.30566208333333      -0.138205797978743     
  0.902998750000000        3.60599500000000      -0.137589793451206     
  0.902998750000000        3.90632791666667      -0.138174624971369     
  0.902998750000000        4.20666083333333      -0.138931455384845     
  0.902998750000000        4.50699375000000      -0.138479185371909     
  0.902998750000000        4.80732666666667      -0.136617182527713     
  0.902998750000000        5.10765958333333      -0.133847463019278     
  0.902998750000000        5.40799250000000      -0.130634679566382     
  0.902998750000000        5.70832541666667      -0.127265243219602     
  0.902998750000000        6.00865833333333      -0.123708773816273     
  0.902998750000000        6.30899125000000      -0.119977634102948     
  0.902998750000000        6.60932416666667      -0.116529649744717     
  0.902998750000000        6.90965708333333      -0.114057746995100     
  0.902998750000000        7.20999000000000      -0.110705260896056     
   1.20333166666667       2.000000000000000E-003 -0.109953250343975     
   1.20333166666667       0.302332916666667      -0.114899723415244     
   1.20333166666667       0.602665833333333      -0.119184049286040     
   1.20333166666667       0.902998750000000      -0.123720054716045     
   1.20333166666667        1.20333166666667      -0.128431346210173     
   1.20333166666667        1.50366458333333      -0.132994919107265     
   1.20333166666667        1.80399750000000      -0.137265974797703     
   1.20333166666667        2.10433041666667      -0.141172942585764     
   1.20333166666667        2.40466333333333      -0.144504946635859     
   1.20333166666667        2.70499625000000      -0.147017292571315     
   1.20333166666667        3.00532916666667      -0.148473227158941     
   1.20333166666667        3.30566208333333      -0.148916394006557     
   1.20333166666667        3.60599500000000      -0.148930972284720     
   1.20333166666667        3.90632791666667      -0.148901030290719     
   1.20333166666667        4.20666083333333      -0.148452481051526     
   1.20333166666667        4.50699375000000      -0.147000452056713     
   1.20333166666667        4.80732666666667      -0.144495933079693     
   1.20333166666667        5.10765958333333      -0.141171671860359     
   1.20333166666667        5.40799250000000      -0.137270179652399     
   1.20333166666667        5.70832541666667      -0.132999457532159     
   1.20333166666667        6.00865833333333      -0.128430340036896     
   1.20333166666667        6.30899125000000      -0.123710195633813     
   1.20333166666667        6.60932416666667      -0.119166879336159     
   1.20333166666667        6.90965708333333      -0.114880033415761     
   1.20333166666667        7.20999000000000      -0.109930984402982     
   1.50366458333333       2.000000000000000E-003 -0.110172363442934     
   1.50366458333333       0.302332916666667      -0.116003298555391     
   1.50366458333333       0.602665833333333      -0.121596321115825     
   1.50366458333333       0.902998750000000      -0.127269686050881     
   1.50366458333333        1.20333166666667      -0.132995061150748     
   1.50366458333333        1.50366458333333      -0.138551987668977     
   1.50366458333333        1.80399750000000      -0.143765602672425     
   1.50366458333333        2.10433041666667      -0.148491254825105     
   1.50366458333333        2.40466333333333      -0.152563613812669     
   1.50366458333333        2.70499625000000      -0.155815817387290     
   1.50366458333333        3.00532916666667      -0.158109298747523     
   1.50366458333333        3.30566208333333      -0.159410518496706     
   1.50366458333333        3.60599500000000      -0.159816484976352     
   1.50366458333333        3.90632791666667      -0.159404356598244     
   1.50366458333333        4.20666083333333      -0.158101144091373     
   1.50366458333333        4.50699375000000      -0.155810664012003     
   1.50366458333333        4.80732666666667      -0.152564385462943     
   1.50366458333333        5.10765958333333      -0.148497973825057     
   1.50366458333333        5.40799250000000      -0.143776050508217     
   1.50366458333333        5.70832541666667      -0.138562721887685     
   1.50366458333333        6.00865833333333      -0.133001291925432     
   1.50366458333333        6.30899125000000      -0.127268192848868     
   1.50366458333333        6.60932416666667      -0.121586919515505     
   1.50366458333333        6.90965708333333      -0.115987469273462     
   1.50366458333333        7.20999000000000      -0.110150064016841     
   1.80399750000000       2.000000000000000E-003 -0.111363229795618     
   1.80399750000000       0.302332916666667      -0.117707482997105     
   1.80399750000000       0.602665833333333      -0.124096256474081     
   1.80399750000000       0.902998750000000      -0.130638563374434     
   1.80399750000000        1.20333166666667      -0.137266158957959     
   1.80399750000000        1.50366458333333      -0.143765657089971     
   1.80399750000000        1.80399750000000      -0.149912766281905     
   1.80399750000000        2.10433041666667      -0.155505084433363     
   1.80399750000000        2.40466333333333      -0.160355188282098     
   1.80399750000000        2.70499625000000      -0.164299966588678     
   1.80399750000000        3.00532916666667      -0.167203658528732     
   1.80399750000000        3.30566208333333      -0.168972663750933     
   1.80399750000000        3.60599500000000      -0.169564690617683     
   1.80399750000000        3.90632791666667      -0.168971652466043     
   1.80399750000000        4.20666083333333      -0.167203711704799     
   1.80399750000000        4.50699375000000      -0.164303711745823     
   1.80399750000000        4.80732666666667      -0.160364012689408     
   1.80399750000000        5.10765958333333      -0.155518206041005     
   1.80399750000000        5.40799250000000      -0.149927525060947     
   1.80399750000000        5.70832541666667      -0.143778641623675     
   1.80399750000000        6.00865833333333      -0.137274372088270     
   1.80399750000000        6.30899125000000      -0.130639514585693     
   1.80399750000000        6.60932416666667      -0.124089378035525     
   1.80399750000000        6.90965708333333      -0.117693833330410     
   1.80399750000000        7.20999000000000      -0.111343667751651     
   2.10433041666667       2.000000000000000E-003 -0.113482714592274     
   2.10433041666667       0.302332916666667      -0.120059679485947     
   2.10433041666667       0.602665833333333      -0.126785152542696     
   2.10433041666667       0.902998750000000      -0.133856959787799     
   2.10433041666667        1.20333166666667      -0.141173040322980     
   2.10433041666667        1.50366458333333      -0.148491274595226     
   2.10433041666667        1.80399750000000      -0.155505074688655     
   2.10433041666667        2.10433041666667      -0.161918281443158     
   2.10433041666667        2.40466333333333      -0.167486870109709     
   2.10433041666667        2.70499625000000      -0.172022848466140     
   2.10433041666667        3.00532916666667      -0.175380540242995     
   2.10433041666667        3.30566208333333      -0.177447868653781     
   2.10433041666667        3.60599500000000      -0.178147500770108     
   2.10433041666667        3.90632791666667      -0.177450323102572     
   2.10433041666667        4.20666083333333      -0.175386385396321     
   2.10433041666667        4.50699375000000      -0.172033096733040     
   2.10433041666667        4.80732666666667      -0.167501464121863     
   2.10433041666667        5.10765958333333      -0.161935505512901     
   2.10433041666667        5.40799250000000      -0.155521834993618     
   2.10433041666667        5.70832541666667      -0.148503995185712     
   2.10433041666667        6.00865833333333      -0.141178874194570     
   2.10433041666667        6.30899125000000      -0.133854685461430     
   2.10433041666667        6.60932416666667      -0.126775596881108     
   2.10433041666667        6.90965708333333      -0.120045395252972     
   2.10433041666667        7.20999000000000      -0.113466678979167     
   2.40466333333333       2.000000000000000E-003 -0.116577811312877     
   2.40466333333333       0.302332916666667      -0.122899030094687     
   2.40466333333333       0.602665833333333      -0.129390774109774     
   2.40466333333333       0.902998750000000      -0.136636328835436     
   2.40466333333333        1.20333166666667      -0.144504928854934     
   2.40466333333333        1.50366458333333      -0.152563556289086     
   2.40466333333333        1.80399750000000      -0.160355135657307     
   2.40466333333333        2.10433041666667      -0.167486850403857     
   2.40466333333333        2.40466333333333      -0.173658585127465     
   2.40466333333333        2.70499625000000      -0.178658653589636     
   2.40466333333333        3.00532916666667      -0.182340288973662     
   2.40466333333333        3.30566208333333      -0.184599924472373     
   2.40466333333333        3.60599500000000      -0.185364704819814     
   2.40466333333333        3.90632791666667      -0.184604762646268     
   2.40466333333333        4.20666083333333      -0.182350124798171     
   2.40466333333333        4.50699375000000      -0.178673266861865     
   2.40466333333333        4.80732666666667      -0.173676806589740     
   2.40466333333333        5.10765958333333      -0.167506220565403     
   2.40466333333333        5.40799250000000      -0.160372209023402     
   2.40466333333333        5.70832541666667      -0.152574643816097     
   2.40466333333333        6.00865833333333      -0.144506878663506     
   2.40466333333333        6.30899125000000      -0.136627450081930     
   2.40466333333333        6.60932416666667      -0.129372444416332     
   2.40466333333333        6.90965708333333      -0.122878045224820     
   2.40466333333333        7.20999000000000      -0.116563729412932     
   2.70499625000000       2.000000000000000E-003 -0.120118778690450     
   2.70499625000000       0.302332916666667      -0.125566131763595     
   2.70499625000000       0.602665833333333      -0.131224867546868     
   2.70499625000000       0.902998750000000      -0.138511031480577     
   2.70499625000000        1.20333166666667      -0.147017205679317     
   2.70499625000000        1.50366458333333      -0.155815688414091     
   2.70499625000000        1.80399750000000      -0.164299871014501     
   2.70499625000000        2.10433041666667      -0.172022825643059     
   2.70499625000000        2.40466333333333      -0.178658676575375     
   2.70499625000000        2.70499625000000      -0.183991290612746     
   2.70499625000000        3.00532916666667      -0.187884226474605     
   2.70499625000000        3.30566208333333      -0.190253586862384     
   2.70499625000000        3.60599500000000      -0.191051342536049     
   2.70499625000000        3.90632791666667      -0.190259972655085     
   2.70499625000000        4.20666083333333      -0.187896606042415     
   2.70499625000000        4.50699375000000      -0.184008662450007     
   2.70499625000000        4.80732666666667      -0.178679111687475     
   2.70499625000000        5.10765958333333      -0.172043463098663     
   2.70499625000000        5.40799250000000      -0.164317137009857     
   2.70499625000000        5.70832541666667      -0.155825695256240     
   2.70499625000000        6.00865833333333      -0.147015719281428     
   2.70499625000000        6.30899125000000      -0.138493245089789     
   2.70499625000000        6.60932416666667      -0.131191079046808     
   2.70499625000000        6.90965708333333      -0.125532001101658     
   2.70499625000000        7.20999000000000      -0.120105501173089     
   3.00532916666667       2.000000000000000E-003 -0.122716052939943     
   3.00532916666667       0.302332916666667      -0.126674301209710     
   3.00532916666667       0.602665833333333      -0.131331791029436     
   3.00532916666667       0.902998750000000      -0.138972527075419     
   3.00532916666667        1.20333166666667      -0.148473192785824     
   3.00532916666667        1.50366458333333      -0.158109136623244     
   3.00532916666667        1.80399750000000      -0.167203536138625     
   3.00532916666667        2.10433041666667      -0.175380534688358     
   3.00532916666667        2.40466333333333      -0.182340372123970     
   3.00532916666667        2.70499625000000      -0.187884308860392     
   3.00532916666667        3.00532916666667      -0.191891446066987     
   3.00532916666667        3.30566208333333      -0.194299223925436     
   3.00532916666667        3.60599500000000      -0.195100958867012     
   3.00532916666667        3.90632791666667      -0.194306509229022     
   3.00532916666667        4.20666083333333      -0.191905345983365     
   3.00532916666667        4.50699375000000      -0.187903399045374     
   3.00532916666667        4.80732666666667      -0.182362484979674     
   3.00532916666667        5.10765958333333      -0.175402779834309     
   3.00532916666667        5.40799250000000      -0.167222553912124     
   3.00532916666667        5.70832541666667      -0.158121032956304     
   3.00532916666667        6.00865833333333      -0.148472326102662     
   3.00532916666667        6.30899125000000      -0.138950034523981     
   3.00532916666667        6.60932416666667      -0.131286851865491     
   3.00532916666667        6.90965708333333      -0.126626713964488     
   3.00532916666667        7.20999000000000      -0.122705149109530     
   3.30566208333333       2.000000000000000E-003 -0.121970459071523     
   3.30566208333333       0.302332916666667      -0.124672093190280     
   3.30566208333333       0.602665833333333      -0.129295459003200     
   3.30566208333333       0.902998750000000      -0.138206467852775     
   3.30566208333333        1.20333166666667      -0.148916512543071     
   3.30566208333333        1.50366458333333      -0.159410345363348     
   3.30566208333333        1.80399750000000      -0.168972518663779     
   3.30566208333333        2.10433041666667      -0.177447878410805     
   3.30566208333333        2.40466333333333      -0.184600066830669     
   3.30566208333333        2.70499625000000      -0.190253758417822     
   3.30566208333333        3.00532916666667      -0.194299325136302     
   3.30566208333333        3.30566208333333      -0.196691337860654     
   3.30566208333333        3.60599500000000      -0.197474375177769     
   3.30566208333333        3.90632791666667      -0.196699040060075     
   3.30566208333333        4.20666083333333      -0.194313985858659     
   3.30566208333333        4.50699375000000      -0.190273953074675     
   3.30566208333333        4.80732666666667      -0.184623749207021     
   3.30566208333333        5.10765958333333      -0.177472586358711     
   3.30566208333333        5.40799250000000      -0.168995537575430     
   3.30566208333333        5.70832541666667      -0.159428562367656     
   3.30566208333333        6.00865833333333      -0.148924930486956     
   3.30566208333333        6.30899125000000      -0.138197491019403     
   3.30566208333333        6.60932416666667      -0.129264148925546     
   3.30566208333333        6.90965708333333      -0.124630014849167     
   3.30566208333333        7.20999000000000      -0.121967575263990     
   3.60599500000000       2.000000000000000E-003 -0.120164089990081     
   3.60599500000000       0.302332916666667      -0.122337728734248     
   3.60599500000000       0.602665833333333      -0.127689012402836     
   3.60599500000000       0.902998750000000      -0.137590638576910     
   3.60599500000000        1.20333166666667      -0.148931103923995     
   3.60599500000000        1.50366458333333      -0.159816259594986     
   3.60599500000000        1.80399750000000      -0.169564499532335     
   3.60599500000000        2.10433041666667      -0.178147493391624     
   3.60599500000000        2.40466333333333      -0.185364860700966     
   3.60599500000000        2.70499625000000      -0.191051550248084     
   3.60599500000000        3.00532916666667      -0.195101108391870     
   3.60599500000000        3.30566208333333      -0.197474427697343     
   3.60599500000000        3.60599500000000      -0.198242900456515     
   3.60599500000000        3.90632791666667      -0.197482185946950     
   3.60599500000000        4.20666083333333      -0.195115955562718     
   3.60599500000000        4.50699375000000      -0.191072257868012     
   3.60599500000000        4.80732666666667      -0.185389805506377     
   3.60599500000000        5.10765958333333      -0.178174901334323     
   3.60599500000000        5.40799250000000      -0.169592653761291     
   3.60599500000000        5.70832541666667      -0.159843761664464     
   3.60599500000000        6.00865833333333      -0.148957120801875     
   3.60599500000000        6.30899125000000      -0.137614333394836     
   3.60599500000000        6.60932416666667      -0.127709021229361     
   3.60599500000000        6.90965708333333      -0.122351735854439     
   3.60599500000000        7.20999000000000      -0.120171204271101     
   3.90632791666667       2.000000000000000E-003 -0.121963311105342     
   3.90632791666667       0.302332916666667      -0.124617012805095     
   3.90632791666667       0.602665833333333      -0.129244819200643     
   3.90632791666667       0.902998750000000      -0.138174955011411     
   3.90632791666667        1.20333166666667      -0.148900906061392     
   3.90632791666667        1.50366458333333      -0.159404009496850     
   3.90632791666667        1.80399750000000      -0.168971383789841     
   3.90632791666667        2.10433041666667      -0.177450256050054     
   3.90632791666667        2.40466333333333      -0.184604869489077     
   3.90632791666667        2.70499625000000      -0.190260140027463     
   3.90632791666667        3.00532916666667      -0.194306625806848     
   3.90632791666667        3.30566208333333      -0.196699064791912     
   3.90632791666667        3.60599500000000      -0.197482160489981     
   3.90632791666667        3.90632791666667      -0.196706576157656     
   3.90632791666667        4.20666083333333      -0.194321078285662     
   3.90632791666667        4.50699375000000      -0.190280535098993     
   3.90632791666667        4.80732666666667      -0.184630057562467     
   3.90632791666667        5.10765958333333      -0.177479179628762     
   3.90632791666667        5.40799250000000      -0.169003349834408     
   3.90632791666667        5.70832541666667      -0.159439230160894     
   3.90632791666667        6.00865833333333      -0.148942423990691     
   3.90632791666667        6.30899125000000      -0.138228321949209     
   3.90632791666667        6.60932416666667      -0.129311562217836     
   3.90632791666667        6.90965708333333      -0.124680557521636     
   3.90632791666667        7.20999000000000      -0.121972488083577     
   4.20666083333333       2.000000000000000E-003 -0.122703700980508     
   4.20666083333333       0.302332916666667      -0.126617641785265     
   4.20666083333333       0.602665833333333      -0.131271463623239     
   4.20666083333333       0.902998750000000      -0.138931112657563     
   4.20666083333333        1.20333166666667      -0.148452042424563     
   4.20666083333333        1.50366458333333      -0.158100669995307     
   4.20666083333333        1.80399750000000      -0.167203363196644     
   4.20666083333333        2.10433041666667      -0.175386240386501     
   4.20666083333333        2.40466333333333      -0.182350147323479     
   4.20666083333333        2.70499625000000      -0.187896688709988     
   4.20666083333333        3.00532916666667      -0.191905384875154     
   4.20666083333333        3.30566208333333      -0.194313942036431     
   4.20666083333333        3.60599500000000      -0.195115867236528     
   4.20666083333333        3.90632791666667      -0.194321016435538     
   4.20666083333333        4.20666083333333      -0.191918935808236     
   4.20666083333333        4.50699375000000      -0.187915794819892     
   4.20666083333333        4.80732666666667      -0.182373951457637     
   4.20666083333333        5.10765958333333      -0.175414202971379     
   4.20666083333333        5.40799250000000      -0.167235504385982     
   4.20666083333333        5.70832541666667      -0.158137893877108     
   4.20666083333333        6.00865833333333      -0.148497513258885     
   4.20666083333333        6.30899125000000      -0.138991122007507     
   4.20666083333333        6.60932416666667      -0.131343183846725     
   4.20666083333333        6.90965708333333      -0.126677713341755     
   4.20666083333333        7.20999000000000      -0.122713226309304     
   4.50699375000000       2.000000000000000E-003 -0.120104603674771     
   4.50699375000000       0.302332916666667      -0.125525419707877     
   4.50699375000000       0.602665833333333      -0.131179504213614     
   4.50699375000000       0.902998750000000      -0.138478594823272     
   4.50699375000000        1.20333166666667      -0.146999883686607     
   4.50699375000000        1.50366458333333      -0.155810138547952     
   4.50699375000000        1.80399750000000      -0.164303324339528     
   4.50699375000000        2.10433041666667      -0.172032897806347     
   4.50699375000000        2.40466333333333      -0.178673222506915     
   4.50699375000000        2.70499625000000      -0.184008680621728     
   4.50699375000000        3.00532916666667      -0.187903389629589     
   4.50699375000000        3.30566208333333      -0.190273880311828     
   4.50699375000000        3.60599500000000      -0.191072152391764     
   4.50699375000000        3.90632791666667      -0.190280456850814     
   4.50699375000000        4.20666083333333      -0.187915773479157     
   4.50699375000000        4.50699375000000      -0.184025744027359     
   4.50699375000000        4.80732666666667      -0.178694038127510     
   4.50699375000000        5.10765958333333      -0.172057164332879     
   4.50699375000000        5.40799250000000      -0.164331395979878     
   4.50699375000000        5.70832541666667      -0.155842966028858     
   4.50699375000000        6.00865833333333      -0.147039013051662     
   4.50699375000000        6.30899125000000      -0.138526277146974     
   4.50699375000000        6.60932416666667      -0.131232530110209     
   4.50699375000000        6.90965708333333      -0.125566142752144     
   4.50699375000000        7.20999000000000      -0.120112372890496     
   4.80732666666667       2.000000000000000E-003 -0.116562766739098     
   4.80732666666667       0.302332916666667      -0.122872894361547     
   4.80732666666667       0.602665833333333      -0.129363819774147     
   4.80732666666667       0.902998750000000      -0.136616688870952     
   4.80732666666667        1.20333166666667      -0.144495418022302     
   4.80732666666667        1.50366458333333      -0.152563903287482     
   4.80732666666667        1.80399750000000      -0.160363647441927     
   4.80732666666667        2.10433041666667      -0.167501264298987     
   4.80732666666667        2.40466333333333      -0.173676753664110     
   4.80732666666667        2.70499625000000      -0.178679136179799     
   4.80732666666667        3.00532916666667      -0.182362512967910     
   4.80732666666667        3.30566208333333      -0.184623746298922     
   4.80732666666667        3.60599500000000      -0.185389789336638     
   4.80732666666667        3.90632791666667      -0.184630069217219     
   4.80732666666667        4.20666083333333      -0.182374007346458     
   4.80732666666667        4.50699375000000      -0.178694102744298     
   4.80732666666667        4.80732666666667      -0.173693857015752     
   4.80732666666667        5.10765958333333      -0.167520090820109     
   4.80732666666667        5.40799250000000      -0.160384674570157     
   4.80732666666667        5.70832541666667      -0.152588069088094     
   4.80732666666667        6.00865833333333      -0.144523366493143     
   4.80732666666667        6.30899125000000      -0.136647909659681     
   4.80732666666667        6.60932416666667      -0.129394975155644     
   4.80732666666667        6.90965708333333      -0.122895808110390     
   4.80732666666667        7.20999000000000      -0.116567836523725     
   5.10765958333333       2.000000000000000E-003 -0.113465873831021     
   5.10765958333333       0.302332916666667      -0.120041407509629     
   5.10765958333333       0.602665833333333      -0.126769327186664     
   5.10765958333333       0.902998750000000      -0.133847189254604     
   5.10765958333333        1.20333166666667      -0.141171304343008     
   5.10765958333333        1.50366458333333      -0.148497591922166     
   5.10765958333333        1.80399750000000      -0.155517906573341     
   5.10765958333333        2.10433041666667      -0.161935352694316     
   5.10765958333333        2.40466333333333      -0.167506218604368     
   5.10765958333333        2.70499625000000      -0.172043565135294     
   5.10765958333333        3.00532916666667      -0.175402924756277     
   5.10765958333333        3.30566208333333      -0.177472738262245     
   5.10765958333333        3.60599500000000      -0.178175063912611     
   5.10765958333333        3.90632791666667      -0.177479373845022     
   5.10765958333333        4.20666083333333      -0.175414427543000     
   5.10765958333333        4.50699375000000      -0.172057376184836     
   5.10765958333333        4.80732666666667      -0.167520222529641     
   5.10765958333333        5.10765958333333      -0.161948738603008     
   5.10765958333333        5.40799250000000      -0.155531175012332     
   5.10765958333333        5.70832541666667      -0.148511807739092     
   5.10765958333333        6.00865833333333      -0.141187117544030     
   5.10765958333333        6.30899125000000      -0.133863986495969     
   5.10765958333333        6.60932416666667      -0.126784822734458     
   5.10765958333333        6.90965708333333      -0.120052042391361     
   5.10765958333333        7.20999000000000      -0.113468053201933     
   5.40799250000000       2.000000000000000E-003 -0.111343335436318     
   5.40799250000000       0.302332916666667      -0.117690861308710     
   5.40799250000000       0.602665833333333      -0.124084909107911     
   5.40799250000000       0.902998750000000      -0.130634590716624     
   5.40799250000000        1.20333166666667      -0.137269964463297     
   5.40799250000000        1.50366458333333      -0.143775762596224     
   5.40799250000000        1.80399750000000      -0.149927289754167     
   5.40799250000000        2.10433041666667      -0.155521740578616     
   5.40799250000000        2.40466333333333      -0.160372278133425     
   5.40799250000000        2.70499625000000      -0.164317333487764     
   5.40799250000000        3.00532916666667      -0.167222817066142     
   5.40799250000000        3.30566208333333      -0.168995826847619     
   5.40799250000000        3.60599500000000      -0.169592971268702     
   5.40799250000000        3.90632791666667      -0.169003715432982     
   5.40799250000000        4.20666083333333      -0.167235906805367     
   5.40799250000000        4.50699375000000      -0.164331775682008     
   5.40799250000000        4.80732666666667      -0.160384954328309     
   5.40799250000000        5.10765958333333      -0.155531307488683     
   5.40799250000000        5.40799250000000      -0.149934134220242     
   5.40799250000000        5.70832541666667      -0.143781102773341     
   5.40799250000000        6.00865833333333      -0.137274890615401     
   5.40799250000000        6.30899125000000      -0.130640020793535     
   5.40799250000000        6.60932416666667      -0.124090132881070     
   5.40799250000000        6.90965708333333      -0.117693767801620     
   5.40799250000000        7.20999000000000      -0.111342219047408     
   5.70832541666667       2.000000000000000E-003 -0.110150061307911     
   5.70832541666667       0.302332916666667      -0.115985118178886     
   5.70832541666667       0.602665833333333      -0.121583673510050     
   5.70832541666667       0.902998750000000      -0.127265160062408     
   5.70832541666667        1.20333166666667      -0.132999263202930     
   5.70832541666667        1.50366458333333      -0.138562448278066     
   5.70832541666667        1.80399750000000      -0.143778416272732     
   5.70832541666667        2.10433041666667      -0.148503926148950     
   5.70832541666667        2.40466333333333      -0.152574752463728     
   5.70832541666667        2.70499625000000      -0.155825927371951     
   5.70832541666667        3.00532916666667      -0.158121296526290     
   5.70832541666667        3.30566208333333      -0.159428800155492     
   5.70832541666667        3.60599500000000      -0.159844013756139     
   5.70832541666667        3.90632791666667      -0.159439584664984     
   5.70832541666667        4.20666083333333      -0.158138360545402     
   5.70832541666667        4.50699375000000      -0.155843449571829     
   5.70832541666667        4.80732666666667      -0.152588449385848     
   5.70832541666667        5.10765958333333      -0.148512016041099     
   5.70832541666667        5.40799250000000      -0.143781154883867     
   5.70832541666667        5.70832541666667      -0.138561370150443     
   5.70832541666667        6.00865833333333      -0.132997448159687     
   5.70832541666667        6.30899125000000      -0.127264411831872     
   5.70832541666667        6.60932416666667      -0.121582838816394     
   5.70832541666667        6.90965708333333      -0.115981478138144     
   5.70832541666667        7.20999000000000      -0.110142913658938     
   6.00865833333333       2.000000000000000E-003 -0.109930908221185     
   6.00865833333333       0.302332916666667      -0.114877759866432     
   6.00865833333333       0.602665833333333      -0.119164374362325     
   6.00865833333333       0.902998750000000      -0.123708556342862     
   6.00865833333333        1.20333166666667      -0.128430027699691     
   6.00865833333333        1.50366458333333      -0.133000912666029     
   6.00865833333333        1.80399750000000      -0.137274066117745     
   6.00865833333333        2.10433041666667      -0.141178775057486     
   6.00865833333333        2.40466333333333      -0.144506975217898     
   6.00865833333333        2.70499625000000      -0.147015894416587     
   6.00865833333333        3.00532916666667      -0.148472376931137     
   6.00865833333333        3.30566208333333      -0.148924703411834     
   6.00865833333333        3.60599500000000      -0.148956797866997     
   6.00865833333333        3.90632791666667      -0.148942373331169     
   6.00865833333333        4.20666083333333      -0.148497841811494     
   6.00865833333333        4.50699375000000      -0.147039497358847     
   6.00865833333333        4.80732666666667      -0.144523769908635     
   6.00865833333333        5.10765958333333      -0.141187314701969     
   6.00865833333333        5.40799250000000      -0.137274876581469     
   6.00865833333333        5.70832541666667      -0.132997370545162     
   6.00865833333333        6.00865833333333      -0.128426438200803     
   6.00865833333333        6.30899125000000      -0.123706859407542     
   6.00865833333333        6.60932416666667      -0.119161483167472     
   6.00865833333333        6.90965708333333      -0.114867261234431     
   6.00865833333333        7.20999000000000      -0.109912593676534     
   6.30899125000000       2.000000000000000E-003 -0.110704593942421     
   6.30899125000000       0.302332916666667      -0.114055107510948     
   6.30899125000000       0.602665833333333      -0.116527812919026     
   6.30899125000000       0.902998750000000      -0.119977262738703     
   6.30899125000000        1.20333166666667      -0.123709722015021     
   6.30899125000000        1.50366458333333      -0.127267652306794     
   6.30899125000000        1.80399750000000      -0.130639075996180     
   6.30899125000000        2.10433041666667      -0.133854518972987     
   6.30899125000000        2.40466333333333      -0.136627526901528     
   6.30899125000000        2.70499625000000      -0.138493362902784     
   6.30899125000000        3.00532916666667      -0.138949791523385     
   6.30899125000000        3.30566208333333      -0.138196576426220     
   6.30899125000000        3.60599500000000      -0.137613107949396     
   6.30899125000000        3.90632791666667      -0.138227628913266     
   6.30899125000000        4.20666083333333      -0.138991236445654     
   6.30899125000000        4.50699375000000      -0.138526751938723     
   6.30899125000000        4.80732666666667      -0.136648295574310     
   6.30899125000000        5.10765958333333      -0.133864100914154     
   6.30899125000000        5.40799250000000      -0.130639879793649     
   6.30899125000000        5.70832541666667      -0.127264212513034     
   6.30899125000000        6.00865833333333      -0.123706755568290     
   6.30899125000000        6.30899125000000      -0.119977415711559     
   6.30899125000000        6.60932416666667      -0.116526304588427     
   6.30899125000000        6.90965708333333      -0.114037069862297     
   6.30899125000000        7.20999000000000      -0.110667470208068     
   6.60932416666667       2.000000000000000E-003 -0.111714030675854     
   6.60932416666667       0.302332916666667      -0.112411254027395     
   6.60932416666667       0.602665833333333      -0.113644083609499     
   6.60932416666667       0.902998750000000      -0.116529341767323     
   6.60932416666667        1.20333166666667      -0.119166344932880     
   6.60932416666667        1.50366458333333      -0.121586271067535     
   6.60932416666667        1.80399750000000      -0.124088843018595     
   6.60932416666667        2.10433041666667      -0.126775379120170     
   6.60932416666667        2.40466333333333      -0.129372578358159     
   6.60932416666667        2.70499625000000      -0.131191361953435     
   6.60932416666667        3.00532916666667      -0.131286695121425     
   6.60932416666667        3.30566208333333      -0.129262855901817     
   6.60932416666667        3.60599500000000      -0.127707026747034     
   6.60932416666667        3.90632791666667      -0.129310497090339     
   6.60932416666667        4.20666083333333      -0.131343387868605     
   6.60932416666667        4.50699375000000      -0.131233171742596     
   6.60932416666667        4.80732666666667      -0.129395377944416     
   6.60932416666667        5.10765958333333      -0.126784836381692     
   6.60932416666667        5.40799250000000      -0.124089894230075     
   6.60932416666667        5.70832541666667      -0.121582569304065     
   6.60932416666667        6.00865833333333      -0.119161376059840     
   6.60932416666667        6.30899125000000      -0.116526422262639     
   6.60932416666667        6.60932416666667      -0.113642123334614     
   6.60932416666667        6.90965708333333      -0.112389903903160     
   6.60932416666667        7.20999000000000      -0.111655833723194     
   6.90965708333333       2.000000000000000E-003 -0.109078347520422     
   6.90965708333333       0.302332916666667      -0.109290482898502     
   6.90965708333333       0.602665833333333      -0.112414462809302     
   6.90965708333333       0.902998750000000      -0.114057827890352     
   6.90965708333333        1.20333166666667      -0.114879614173170     
   6.90965708333333        1.50366458333333      -0.115986847516682     
   6.90965708333333        1.80399750000000      -0.117693305578665     
   6.90965708333333        2.10433041666667      -0.120045200731441     
   6.90965708333333        2.40466333333333      -0.122878305823873     
   6.90965708333333        2.70499625000000      -0.125532542932382     
   6.90965708333333        3.00532916666667      -0.126626984854990     
   6.90965708333333        3.30566208333333      -0.124628986272919     
   6.90965708333333        3.60599500000000      -0.122349478453606     
   6.90965708333333        3.90632791666667      -0.124679728586973     
   6.90965708333333        4.20666083333333      -0.126678288098316     
   6.90965708333333        4.50699375000000      -0.125566966898440     
   6.90965708333333        4.80732666666667      -0.122896244544486     
   6.90965708333333        5.10765958333333      -0.120052005927343     
   6.90965708333333        5.40799250000000      -0.117693507589478     
   6.90965708333333        5.70832541666667      -0.115981231393198     
   6.90965708333333        6.00865833333333      -0.114867275103045     
   6.90965708333333        6.30899125000000      -0.114037593035025     
   6.90965708333333        6.60932416666667      -0.112390819805358     
   6.90965708333333        6.90965708333333      -0.109276826528770     
   6.90965708333333        7.20999000000000      -0.109038126796762     
   7.20999000000000       2.000000000000000E-003 -0.102665564257198     
   7.20999000000000       0.302332916666667      -0.109080502446708     
   7.20999000000000       0.602665833333333      -0.111716806016571     
   7.20999000000000       0.902998750000000      -0.110705664002424     
   7.20999000000000        1.20333166666667      -0.109930765292785     
   7.20999000000000        1.50366458333333      -0.110149603362011     
   7.20999000000000        1.80399750000000      -0.111343275980369     
   7.20999000000000        2.10433041666667      -0.113466574362276     
   7.20999000000000        2.40466333333333      -0.116564018581769     
   7.20999000000000        2.70499625000000      -0.120105964485546     
   7.20999000000000        3.00532916666667      -0.122705361256776     
   7.20999000000000        3.30566208333333      -0.121966775000674     
   7.20999000000000        3.60599500000000      -0.120169267009202     
   7.20999000000000        3.90632791666667      -0.121971781474175     
   7.20999000000000        4.20666083333333      -0.122713630581243     
   7.20999000000000        4.50699375000000      -0.120112988118965     
   7.20999000000000        4.80732666666667      -0.116568177010735     
   7.20999000000000        5.10765958333333      -0.113468012049788     
   7.20999000000000        5.40799250000000      -0.111342025306073     
   7.20999000000000        5.70832541666667      -0.110142762029013     
   7.20999000000000        6.00865833333333      -0.109912730620831     
   7.20999000000000        6.30899125000000      -0.110668246818977     
   7.20999000000000        6.60932416666667      -0.111657428366781     
   7.20999000000000        6.90965708333333      -0.109039273226795     
   7.20999000000000        7.20999000000000      -0.102669285705698     
